sun:
  latitude: 50.9592276
  longitude: 13.9443016

